00000111111111111111111111111
00100111111111111111111111111
10100111111111111111111111111
10617111111111111111111111111
00000111111111111111111111111
11111111111111111111111111111
11111111111111111111111111111
11111111111111111111111111111
11111111111111111111111111111
11111111111111111111111111111
11111111111111111111111111111
11111111111111111111111111111
11111111111111111111111111111
11111111111111111111111111111
11111111111111111111111111111
11111111111111111111111111111
11111111111111111111111111111
11111111111111111111111111111
11111111111111111111111111111
11111111111111111111111111111
11111111111111111111111111111
11111111111111111111111111111
11111111111111111111111111111
11111111111111111111111111111
