11111111111111111111111111111
11199999911111111199999111111
11111111111111111199999911111
11111111111111111119999111111
11111111111111111111111111111
11100160000000000000001111111
11111111000000011100111111111
11111111000011111000111111111
11111110100001110000000111111
11199111110011111110001111111
11111111101000111111101111111
11111111100100000000111111111
11111111100000011000111111111
11111111111111111000111111111
11111111111111111100111111111
11111111111111111000000001111
11111111111111111100000111111
11999999991111111110001111111
11199999111111111110001111111
11199991111111111110001111111
11199999111111111111000001111
11111111111111111110100071111
11111111111111111111111111111
11111111111111111111111111111

