11111111111111111111111111111
11111111111111111111111111111
11999999999111111111111111111
11199999991119999999111111111
11110010000011100109999991111
11001011100100110100009991111
11100010110000010011101111111
11000010110000110110011111111
11000100011010110101001111111
11011111011110100101011111111
11011111000000111001001111111
11000600011110000070011111111
11001111000011101111011111111
11100111100001101001001111111
11101100000011000011001111111
11000100000000000101011111111
11100001010010000100001111111
11000011010100000100101111111
11100101011000011010101111111
11111111111111111111111111111
11111111111111111111111111111
11111111111111111111111111111
11111111111111111111111111111
11111111111111111111111111111
