99999999999999999999999999999
90000000000000000000000000009
90000000000000000000000000009
90000000000000000000000000009
90000000000006001000000000009
90000000001000001000000100009
90000000000111110000000100009
90000111111100001000000100009
90111001000000001111111100009
90001011000000000000000000009
90001010111111111111111111119
90001010000000000000000000009
90001111111111111100000000009
90000000000000000000000000009
90000000000000000000000000009
90000000000000000000000000009
90000000000000000000000000009
90000000000000000000000000009
90000000000000000000000000009
90000000000000000000000000009
90000000000000000000000000009
90111111111111110000000000009
90000000000007000000000000009
99999999999999999999999999999