00000000000061700000000000000
01111111111111111111111111110
01000000000001000000000000010
01000000000001000000000000010
01000000000001000000000000010
01000000000001000000000000010
01000000000001000000000000010
01000000000001000000000000010
01000000000001000000000000010
01000000000001000000000000010
01000000000001000000000000010
01000000000001000000000000010
00000000000001000000000000000
01000000000001000000000000010
01000000000001000000000000010
01000000000001000000000000010
01000000000001000000000000010
01000000000001000000000000010
01000000000001000000000000010
01000000000001000000000000010
01000000000001000000000000010
01000000000001000000000000010
01111111111111111111111111110
00000000000000000000000000000