60000000000000000000000000000
00000000000000000000000000010
00000000000000000000000000010
00000000000000000000000000010
00000000000000000000000000010
00000000000000000000000000010
00000000000000000000000000010
00000000000000000000000000010
00000000000000000000000000010
00000000000000000000000000010
00000000000000000000000000010
00000000000000000000000000010
00000000000000000000000000010
00000000000000000000000000010
00000000000000000000000000010
00000000000000000000000000010
00000000000000000000000000010
00000000000000000000000000010
00000000000000000000000000010
00000000000000000000000000010
00000000000000000000000000010
00000000000000000000000000010
01111111111111111111111111110
00000000000000000000000000007